camera_matrix:
- - 7521.407031547193
  - 0.0
  - -234.92480098529
- - 0.0
  - 760.5525762593161
  - 233.24300310732656
- - 0.0
  - 0.0
  - 1.0
dist_coeff:
- - -68.90833745678226
  - -14641.921035719497
  - 5.178509818115254
  - 5.630655819665697
  - 865713.3417184533
