camera_matrix:
- - 646.7676471528549
  - 0.0
  - 318.93014949990015
- - 0.0
  - 647.3042988053412
  - 244.93412329482263
- - 0.0
  - 0.0
  - 1.0
dist_coeff:
- - 0.04953697129350694
  - -0.4206829889465348
  - 0.0017941220198914778
  - -0.006434768303329634
  - 1.6399056290328016
