camera_matrix:
- - 622.8342202156792
  - 0.0
  - 179.26014933048535
- - 0.0
  - 654.0991542621932
  - 118.2352400417356
- - 0.0
  - 0.0
  - 1.0
dist_coeff:
- - -83.25024703068127
  - 4428.21118346151
  - -0.8364132284850728
  - -0.20936018356857478
  - 22.420986312632063
